Species;Ursus.spelaeus;Ursus.arctos;Panthera.spelaea;Panthera.leo;Panthera.pardus;Crocuta.crocuta;Canis.lupus;Meles.meles;Vulpes.vulpes;Vulpes.lagopus;Felis.silvestris;Homo_neand;Homo.sapiens;Age
Ursus.spelaeus;0;0.829673732;0.801723143;0.79387252;0.68515908;0.863239957;0.856790955;0.699429767;0.851237256;0.704691984;0.488569386;0.786850392;0.78161581;27
Ursus.arctos;0.829673732;0;0.813190362;0.848295204;0.731950821;0.877667251;0.915222148;0.759552406;0.899400101;0.764376405;0.583853784;0.817033957;0.862874561;27
Panthera.spelaea;0.801723143;0.813190362;0;0.842751399;0.665700016;0.78776308;0.816758852;0.710548614;0.775745684;0.779577585;0.565899973;0.735869663;0.791058805;27
Panthera.leo;0.79387252;0.848295204;0.842751399;0;0.712872335;0.809522688;0.855312091;0.786419319;0.797979811;0.83911973;0.594897815;0.781743446;0.842084472;27
Panthera.pardus;0.68515908;0.731950821;0.665700016;0.712872335;0;0.732259418;0.71065213;0.757052537;0.757878705;0.665157151;0.705456164;0.833197221;0.731870428;27
Crocuta.crocuta;0.863239957;0.877667251;0.78776308;0.809522688;0.732259418;0;0.88888967;0.738423148;0.886199882;0.729487419;0.538799249;0.843734099;0.845125543;27
Canis.lupus;0.856790955;0.915222148;0.816758852;0.855312091;0.71065213;0.88888967;0;0.759230112;0.905763629;0.766612117;0.550034039;0.815051887;0.888791437;27
Meles.meles;0.699429767;0.759552406;0.710548614;0.786419319;0.757052537;0.738423148;0.759230112;0;0.73784188;0.76119915;0.685730992;0.773221611;0.785242156;27
Vulpes.vulpes;0.851237256;0.899400101;0.775745684;0.797979811;0.757878705;0.886199882;0.905763629;0.73784188;0;0.70956821;0.560294067;0.852983236;0.853194647;27
Vulpes.lagopus;0.704691984;0.764376405;0.779577585;0.83911973;0.665157151;0.729487419;0.766612117;0.76119915;0.70956821;0;0.602814662;0.708606308;0.789135277;27
Felis.silvestris;0.488569386;0.583853784;0.565899973;0.594897815;0.705456164;0.538799249;0.550034039;0.685730992;0.560294067;0.602814662;0;0.61499051;0.605626683;27
Homo_neand;0.786850392;0.817033957;0.735869663;0.781743446;0.833197221;0.843734099;0.815051887;0.773221611;0.852983236;0.708606308;0.61499051;0;0.820856996;27
Homo.sapiens;0.78161581;0.862874561;0.791058805;0.842084472;0.731870428;0.845125543;0.888791437;0.785242156;0.853194647;0.789135277;0.605626683;0.820856996;0;27
Ursus.spelaeus;0;0.829914714;0.80038116;0.79220776;0.680679904;0.862060523;0.85721961;0.694877008;0.851136887;0.700918561;0.482092985;0.782952419;0.783944499;28
Ursus.arctos;0.829914714;0;0.810008733;0.843704101;0.729757245;0.877321659;0.912940125;0.756547436;0.89702364;0.758013454;0.57585318;0.816049723;0.862793952;28
Panthera.spelaea;0.80038116;0.810008733;0;0.842385209;0.667229846;0.786097993;0.816728722;0.712028977;0.773007433;0.778757965;0.564601519;0.737214084;0.79405609;28
Panthera.leo;0.79220776;0.843704101;0.842385209;0;0.712971148;0.807486606;0.851727799;0.784953439;0.793285029;0.835213839;0.591214074;0.781396382;0.841771205;28
Panthera.pardus;0.680679904;0.729757245;0.667229846;0.712971148;0;0.728414999;0.708189878;0.756418041;0.754443693;0.668209907;0.705648342;0.83317931;0.733073808;28
Crocuta.crocuta;0.862060523;0.877321659;0.786097993;0.807486606;0.728414999;0;0.888544729;0.732756717;0.885038789;0.724632469;0.532354433;0.840205637;0.846909784;28
Canis.lupus;0.85721961;0.912940125;0.816728722;0.851727799;0.708189878;0.888544729;0;0.753685575;0.904496196;0.759354203;0.54118959;0.813763402;0.889158759;28
Meles.meles;0.694877008;0.756547436;0.712028977;0.784953439;0.756418041;0.732756717;0.753685575;0;0.730587504;0.763838638;0.683930479;0.774246171;0.78278662;28
Vulpes.vulpes;0.851136887;0.89702364;0.773007433;0.793285029;0.754443693;0.885038789;0.904496196;0.730587504;0;0.702031275;0.550441576;0.849775311;0.852694123;28
Vulpes.lagopus;0.700918561;0.758013454;0.778757965;0.835213839;0.668209907;0.724632469;0.759354203;0.763838638;0.702031275;0;0.605376869;0.710236145;0.784646359;28
Felis.silvestris;0.482092985;0.57585318;0.564601519;0.591214074;0.705648342;0.532354433;0.54118959;0.683930479;0.550441576;0.605376869;0;0.614502339;0.601299089;28
Homo_neand;0.782952419;0.816049723;0.737214084;0.781396382;0.83317931;0.840205637;0.813763402;0.774246171;0.849775311;0.710236145;0.614502339;0;0.822677352;28
Homo.sapiens;0.783944499;0.862793952;0.79405609;0.841771205;0.733073808;0.846909784;0.889158759;0.78278662;0.852694123;0.784646359;0.601299089;0.822677352;0;28
Ursus.spelaeus;0;0.827708135;0.797732255;0.7901294;0.669731144;0.858229209;0.859399454;0.683248087;0.850132844;0.694885086;0.470482803;0.772738527;0.789885104;29
Ursus.arctos;0.827708135;0;0.80381268;0.837980711;0.722734875;0.874636365;0.911078095;0.748366462;0.89186716;0.748692722;0.559426396;0.81290552;0.867298811;29
Panthera.spelaea;0.797732255;0.80381268;0;0.839000905;0.658593101;0.782142511;0.81483916;0.707902551;0.766078445;0.776666315;0.553570489;0.734907487;0.795885908;29
Panthera.leo;0.7901294;0.837980711;0.839000905;0;0.706723858;0.801960575;0.845507424;0.776766608;0.785115301;0.829228533;0.577033499;0.77597837;0.840502234;29
Panthera.pardus;0.669731144;0.722734875;0.658593101;0.706723858;0;0.715286357;0.698300148;0.751830741;0.74414001;0.664704001;0.701037359;0.828604034;0.726503377;29
Crocuta.crocuta;0.858229209;0.874636365;0.782142511;0.801960575;0.715286357;0;0.886969206;0.717513143;0.880225602;0.713866112;0.512491268;0.831069805;0.852167752;29
Canis.lupus;0.859399454;0.911078095;0.81483916;0.845507424;0.698300148;0.886969206;0;0.739760989;0.903203281;0.746130468;0.523238037;0.807292606;0.890522424;29
Meles.meles;0.683248087;0.748366462;0.707902551;0.776766608;0.751830741;0.717513143;0.739760989;0;0.717189999;0.757592581;0.67973182;0.769215138;0.768686346;29
Vulpes.vulpes;0.850132844;0.89186716;0.766078445;0.785115301;0.74414001;0.880225602;0.903203281;0.717189999;0;0.689127658;0.531560578;0.844179141;0.853962032;29
Vulpes.lagopus;0.694885086;0.748692722;0.776666315;0.829228533;0.664704001;0.713866112;0.746130468;0.757592581;0.689127658;0;0.602054699;0.703303247;0.771431949;29
Felis.silvestris;0.470482803;0.559426396;0.553570489;0.577033499;0.701037359;0.512491268;0.523238037;0.67973182;0.531560578;0.602054699;0;0.60526327;0.579961775;29
Homo_neand;0.772738527;0.81290552;0.734907487;0.77597837;0.828604034;0.831069805;0.807292606;0.769215138;0.844179141;0.703303247;0.60526327;0;0.821504429;29
Homo.sapiens;0.789885104;0.867298811;0.795885908;0.840502234;0.726503377;0.852167752;0.890522424;0.768686346;0.853962032;0.771431949;0.579961775;0.821504429;0;29
Ursus.spelaeus;0;0.827019432;0.795942369;0.789162846;0.665245845;0.856993131;0.858485606;0.680683124;0.844758938;0.692423079;0.465940505;0.767797788;0.792719405;30
Ursus.arctos;0.827019432;0;0.802273772;0.835244131;0.718964791;0.873854073;0.908785757;0.745875873;0.890425524;0.743692499;0.551203655;0.809486461;0.867885667;30
Panthera.spelaea;0.795942369;0.802273772;0;0.836426952;0.659832898;0.780965708;0.813051525;0.712697567;0.762655708;0.774742339;0.554513841;0.737739416;0.795920686;30
Panthera.leo;0.789162846;0.835244131;0.836426952;0;0.707928013;0.799833113;0.841533461;0.776533465;0.781670157;0.825799168;0.575488086;0.775654158;0.839149401;30
Panthera.pardus;0.665245845;0.718964791;0.659832898;0.707928013;0;0.712799289;0.695133894;0.752915545;0.740590909;0.667967021;0.699198626;0.829407759;0.727636255;30
Crocuta.crocuta;0.856993131;0.873854073;0.780965708;0.799833113;0.712799289;0;0.885852284;0.712538204;0.879172909;0.709388607;0.505712165;0.826319573;0.854817403;30
Canis.lupus;0.858485606;0.908785757;0.813051525;0.841533461;0.695133894;0.885852284;0;0.733241258;0.901366175;0.739604134;0.514945703;0.803845682;0.8916722;30
Meles.meles;0.680683124;0.745875873;0.712697567;0.776533465;0.752915545;0.712538204;0.733241258;0;0.711408401;0.759700454;0.681127233;0.771865369;0.757008277;30
Vulpes.vulpes;0.844758938;0.890425524;0.762655708;0.781670157;0.740590909;0.879172909;0.901366175;0.711408401;0;0.683529741;0.523610043;0.840030465;0.858962718;30
Vulpes.lagopus;0.692423079;0.743692499;0.774742339;0.825799168;0.667967021;0.709388607;0.739604134;0.759700454;0.683529741;0;0.60577276;0.706208762;0.763853999;30
Felis.silvestris;0.465940505;0.551203655;0.554513841;0.575488086;0.699198626;0.505712165;0.514945703;0.681127233;0.523610043;0.60577276;0;0.604862595;0.56840222;30
Homo_neand;0.767797788;0.809486461;0.737739416;0.775654158;0.829407759;0.826319573;0.803845682;0.771865369;0.840030465;0.706208762;0.604862595;0;0.823995704;30
Homo.sapiens;0.792719405;0.867885667;0.795920686;0.839149401;0.727636255;0.854817403;0.8916722;0.757008277;0.858962718;0.763853999;0.56840222;0.823995704;0;30
Ursus.spelaeus;0;0.825514805;0.795529568;0.787456743;0.663724984;0.856903343;0.857589466;0.679175219;0.841309754;0.688416384;0.463012036;0.765048678;0.797666117;31
Ursus.arctos;0.825514805;0;0.803953364;0.83249411;0.71708026;0.871847269;0.906363704;0.74390515;0.889051908;0.738576058;0.545683607;0.805162361;0.868693864;31
Panthera.spelaea;0.795529568;0.803953364;0;0.835844832;0.666326967;0.782301669;0.813641314;0.721649368;0.763886428;0.775025479;0.558075562;0.7439924;0.799040209;31
Panthera.leo;0.787456743;0.83249411;0.835844832;0;0.710829228;0.79785449;0.838196739;0.776343927;0.778858691;0.822599843;0.575105336;0.775656841;0.836466371;31
Panthera.pardus;0.663724984;0.71708026;0.666326967;0.710829228;0;0.711428187;0.694205338;0.754769563;0.737174622;0.672024756;0.697352377;0.83032414;0.729190124;31
Crocuta.crocuta;0.856903343;0.871847269;0.782301669;0.79785449;0.711428187;0;0.883521277;0.707398861;0.874368794;0.704846197;0.499829139;0.820230984;0.857704769;31
Canis.lupus;0.857589466;0.906363704;0.813641314;0.838196739;0.694205338;0.883521277;0;0.727534441;0.901165628;0.733458366;0.509416033;0.80000419;0.894353265;31
Meles.meles;0.679175219;0.74390515;0.721649368;0.776343927;0.754769563;0.707398861;0.727534441;0;0.706231671;0.762752134;0.683927541;0.775470753;0.744782957;31
Vulpes.vulpes;0.841309754;0.889051908;0.763886428;0.778858691;0.737174622;0.874368794;0.901165628;0.706231671;0;0.67862191;0.516879329;0.833769557;0.865420464;31
Vulpes.lagopus;0.688416384;0.738576058;0.775025479;0.822599843;0.672024756;0.704846197;0.733458366;0.762752134;0.67862191;0;0.609650795;0.710043827;0.75544574;31
Felis.silvestris;0.463012036;0.545683607;0.558075562;0.575105336;0.697352377;0.499829139;0.509416033;0.683927541;0.516879329;0.609650795;0;0.605213233;0.556099616;31
Homo_neand;0.765048678;0.805162361;0.7439924;0.775656841;0.83032414;0.820230984;0.80000419;0.775470753;0.833769557;0.710043827;0.605213233;0;0.826012431;31
Homo.sapiens;0.797666117;0.868693864;0.799040209;0.836466371;0.729190124;0.857704769;0.894353265;0.744782957;0.865420464;0.75544574;0.556099616;0.826012431;0;31
Ursus.spelaeus;0;0.823444332;0.793321197;0.785462203;0.658390148;0.852609688;0.857758244;0.675889093;0.840402058;0.686383065;0.463165409;0.76098492;0.804071167;32
Ursus.arctos;0.823444332;0;0.799433616;0.828508864;0.715436422;0.872015913;0.902642256;0.738903987;0.887121792;0.734639556;0.546601009;0.806708667;0.87425492;32
Panthera.spelaea;0.793321197;0.799433616;0;0.833144706;0.661433887;0.781271815;0.812998121;0.720722558;0.762064226;0.771398366;0.559989556;0.743218133;0.798656664;32
Panthera.leo;0.785462203;0.828508864;0.833144706;0;0.70659054;0.796825434;0.834333275;0.770512161;0.775604265;0.818850185;0.573194831;0.771059347;0.83304889;32
Panthera.pardus;0.658390148;0.715436422;0.661433887;0.70659054;0;0.707990113;0.687741378;0.751336068;0.731783103;0.671809635;0.700399506;0.827545285;0.728802547;32
Crocuta.crocuta;0.852609688;0.872015913;0.781271815;0.796825434;0.707990113;0;0.883823586;0.703518668;0.87380199;0.704013859;0.503432619;0.815898639;0.865232907;32
Canis.lupus;0.857758244;0.902642256;0.812998121;0.834333275;0.687741378;0.883823586;0;0.719472374;0.901834281;0.727318658;0.505972171;0.795858845;0.897265998;32
Meles.meles;0.675889093;0.738903987;0.720722558;0.770512161;0.751336068;0.703518668;0.719472374;0;0.699616661;0.763273898;0.683416983;0.776383416;0.736901158;32
Vulpes.vulpes;0.840402058;0.887121792;0.762064226;0.775604265;0.731783103;0.87380199;0.901834281;0.699616661;0;0.67543906;0.515614596;0.830156388;0.871270105;32
Vulpes.lagopus;0.686383065;0.734639556;0.771398366;0.818850185;0.671809635;0.704013859;0.727318658;0.763273898;0.67543906;0;0.611743588;0.713597526;0.746449654;32
Felis.silvestris;0.463165409;0.546601009;0.559989556;0.573194831;0.700399506;0.503432619;0.505972171;0.683416983;0.515614596;0.611743588;0;0.611659208;0.552007446;32
Homo_neand;0.76098492;0.806708667;0.743218133;0.771059347;0.827545285;0.815898639;0.795858845;0.776383416;0.830156388;0.713597526;0.611659208;0;0.827573883;32
Homo.sapiens;0.804071167;0.87425492;0.798656664;0.83304889;0.728802547;0.865232907;0.897265998;0.736901158;0.871270105;0.746449654;0.552007446;0.827573883;0;32
Ursus.spelaeus;0;0.82094051;0.793894978;0.784514497;0.653898953;0.849904713;0.858016426;0.673445482;0.838691789;0.684975312;0.46456013;0.758198341;0.809087394;33
Ursus.arctos;0.82094051;0;0.796189461;0.824757449;0.713721191;0.8713868;0.898841305;0.734810365;0.886617009;0.730875239;0.548216458;0.80760042;0.877252353;33
Panthera.spelaea;0.793894978;0.796189461;0;0.833562849;0.659159198;0.781625073;0.811963473;0.721147663;0.760293336;0.768194035;0.564009666;0.745981605;0.797013877;33
Panthera.leo;0.784514497;0.824757449;0.833562849;0;0.702111105;0.794835767;0.830845276;0.764767375;0.771286282;0.817221702;0.572417516;0.768439441;0.828120384;33
Panthera.pardus;0.653898953;0.713721191;0.659159198;0.702111105;0;0.70536442;0.681975231;0.746345714;0.726721316;0.671177554;0.702764234;0.823790728;0.728229212;33
Crocuta.crocuta;0.849904713;0.8713868;0.781625073;0.794835767;0.70536442;0;0.883303583;0.699955503;0.873018009;0.703205498;0.506717989;0.81452126;0.869257589;33
Canis.lupus;0.858016426;0.898841305;0.811963473;0.830845276;0.681975231;0.883303583;0;0.712175894;0.901533699;0.722329915;0.50490245;0.792959287;0.89852434;33
Meles.meles;0.673445482;0.734810365;0.721147663;0.764767375;0.746345714;0.699955503;0.712175894;0;0.693703064;0.761984112;0.684388685;0.776937153;0.729342107;33
Vulpes.vulpes;0.838691789;0.886617009;0.760293336;0.771286282;0.726721316;0.873018009;0.901533699;0.693703064;0;0.671708346;0.514943958;0.827191816;0.876296059;33
Vulpes.lagopus;0.684975312;0.730875239;0.768194035;0.817221702;0.671177554;0.703205498;0.722329915;0.761984112;0.671708346;0;0.613623787;0.715840341;0.738344433;33
Felis.silvestris;0.46456013;0.548216458;0.564009666;0.572417516;0.702764234;0.506717989;0.50490245;0.684388685;0.514943958;0.613623787;0;0.617085236;0.55015051;33
Homo_neand;0.758198341;0.80760042;0.745981605;0.768439441;0.823790728;0.81452126;0.792959287;0.776937153;0.827191816;0.715840341;0.617085236;0;0.827700976;33
Homo.sapiens;0.809087394;0.877252353;0.797013877;0.828120384;0.728229212;0.869257589;0.89852434;0.729342107;0.876296059;0.738344433;0.55015051;0.827700976;0;33
Ursus.spelaeus;0;0.819371431;0.791875299;0.783405003;0.653433562;0.849036341;0.857082129;0.673028501;0.838486521;0.683730685;0.465325831;0.758313353;0.812272207;34
Ursus.arctos;0.819371431;0;0.79506695;0.823739523;0.712419003;0.871591648;0.898807125;0.734201167;0.886163145;0.729506501;0.546834603;0.806698024;0.878804733;34
Panthera.spelaea;0.791875299;0.79506695;0;0.8329294;0.660718148;0.781275528;0.810946107;0.725940466;0.760418613;0.768667851;0.56888037;0.748057257;0.795151209;34
Panthera.leo;0.783405003;0.823739523;0.8329294;0;0.701928305;0.794568324;0.829805403;0.764449592;0.770777496;0.816245992;0.573460676;0.768396604;0.825381309;34
Panthera.pardus;0.653433562;0.712419003;0.660718148;0.701928305;0;0.705446234;0.681332576;0.744862173;0.724417362;0.672361351;0.702137998;0.822804539;0.727709184;34
Crocuta.crocuta;0.849036341;0.871591648;0.781275528;0.794568324;0.705446234;0;0.882374186;0.699803149;0.872576265;0.703191839;0.507910241;0.812501577;0.872500337;34
Canis.lupus;0.857082129;0.898807125;0.810946107;0.829805403;0.681332576;0.882374186;0;0.710873679;0.902233875;0.720745378;0.50526917;0.791131078;0.900315212;34
Meles.meles;0.673028501;0.734201167;0.725940466;0.764449592;0.744862173;0.699803149;0.710873679;0;0.692025998;0.763485998;0.685658944;0.780254251;0.725141277;34
Vulpes.vulpes;0.838486521;0.886163145;0.760418613;0.770777496;0.724417362;0.872576265;0.902233875;0.692025998;0;0.670614825;0.513305034;0.824999619;0.88005106;34
Vulpes.lagopus;0.683730685;0.729506501;0.768667851;0.816245992;0.672361351;0.703191839;0.720745378;0.763485998;0.670614825;0;0.615706144;0.71781687;0.732998465;34
Felis.silvestris;0.465325831;0.546834603;0.56888037;0.573460676;0.702137998;0.507910241;0.50526917;0.685658944;0.513305034;0.615706144;0;0.619732971;0.546937847;34
Homo_neand;0.758313353;0.806698024;0.748057257;0.768396604;0.822804539;0.812501577;0.791131078;0.780254251;0.824999619;0.71781687;0.619732971;0;0.826086514;34
Homo.sapiens;0.812272207;0.878804733;0.795151209;0.825381309;0.727709184;0.872500337;0.900315212;0.725141277;0.88005106;0.732998465;0.546937847;0.826086514;0;34
Ursus.spelaeus;0;0.81651672;0.791537499;0.783198287;0.648458815;0.848693386;0.860212861;0.671364341;0.839439782;0.683425488;0.468229515;0.757089829;0.817349164;35
Ursus.arctos;0.81651672;0;0.788714087;0.819838612;0.710140402;0.872502099;0.892607644;0.731640115;0.884498669;0.726640231;0.555996369;0.809664021;0.880637542;35
Panthera.spelaea;0.791537499;0.788714087;0;0.837222548;0.654264806;0.781809614;0.811069528;0.723817708;0.759621922;0.768049021;0.572507457;0.746812013;0.791970283;35
Panthera.leo;0.783198287;0.819838612;0.837222548;0;0.692359115;0.795580934;0.828588163;0.757907312;0.768603614;0.814134213;0.573741746;0.764772111;0.82085884;35
Panthera.pardus;0.648458815;0.710140402;0.654264806;0.692359115;0;0.70265361;0.674724079;0.739877246;0.71991654;0.665602627;0.707858547;0.8188261;0.727648367;35
Crocuta.crocuta;0.848693386;0.872502099;0.781809614;0.795580934;0.70265361;0;0.88544773;0.700459077;0.874404092;0.707278806;0.520399279;0.814165202;0.875979578;35
Canis.lupus;0.860212861;0.892607644;0.811069528;0.828588163;0.674724079;0.88544773;0;0.706049381;0.902733428;0.71887797;0.509541075;0.79090608;0.900854212;35
Meles.meles;0.671364341;0.731640115;0.723817708;0.757907312;0.739877246;0.700459077;0.706049381;0;0.688855841;0.760051121;0.687238466;0.776746402;0.721762861;35
Vulpes.vulpes;0.839439782;0.884498669;0.759621922;0.768603614;0.71991654;0.874404092;0.902733428;0.688855841;0;0.669626124;0.519048074;0.826773016;0.885292774;35
Vulpes.lagopus;0.683425488;0.726640231;0.768049021;0.814134213;0.665602627;0.707278806;0.71887797;0.760051121;0.669626124;0;0.61592842;0.71770145;0.728796533;35
Felis.silvestris;0.468229515;0.555996369;0.572507457;0.573741746;0.707858547;0.520399279;0.509541075;0.687238466;0.519048074;0.61592842;0;0.627334876;0.556488193;35
Homo_neand;0.757089829;0.809664021;0.746812013;0.764772111;0.8188261;0.814165202;0.79090608;0.776746402;0.826773016;0.71770145;0.627334876;0;0.828811278;35
Homo.sapiens;0.817349164;0.880637542;0.791970283;0.82085884;0.727648367;0.875979578;0.900854212;0.721762861;0.885292774;0.728796533;0.556488193;0.828811278;0;35
Ursus.spelaeus;0;0.814980188;0.792661104;0.783719604;0.651638653;0.848557313;0.860847854;0.672721531;0.839890283;0.682848468;0.473125732;0.759108225;0.818230182;36
Ursus.arctos;0.814980188;0;0.787349238;0.818982633;0.712494023;0.872026528;0.890995636;0.733106497;0.884866672;0.725742287;0.562433281;0.811326947;0.880508152;36
Panthera.spelaea;0.792661104;0.787349238;0;0.838188271;0.656141818;0.782938034;0.812824291;0.72333951;0.76238082;0.768722221;0.57686467;0.750456456;0.792676016;36
Panthera.leo;0.783719604;0.818982633;0.838188271;0;0.691601303;0.797099385;0.829184834;0.756672903;0.770351098;0.811879592;0.576198847;0.765758919;0.820950372;36
Panthera.pardus;0.651638653;0.712494023;0.656141818;0.691601303;0;0.705210613;0.675756809;0.739142471;0.72174557;0.664089063;0.711885564;0.817652758;0.7283848;36
Crocuta.crocuta;0.848557313;0.872026528;0.782938034;0.797099385;0.705210613;0;0.886220319;0.701955508;0.874645526;0.708531459;0.527169021;0.815689524;0.876657926;36
Canis.lupus;0.860847854;0.890995636;0.812824291;0.829184834;0.675756809;0.886220319;0;0.706021407;0.903746566;0.719730512;0.51471118;0.792336114;0.902166747;36
Meles.meles;0.672721531;0.733106497;0.72333951;0.756672903;0.739142471;0.701955508;0.706021407;0;0.690994646;0.75914867;0.688736774;0.775952488;0.720685406;36
Vulpes.vulpes;0.839890283;0.884866672;0.76238082;0.770351098;0.72174557;0.874645526;0.903746566;0.690994646;0;0.671532653;0.526190208;0.828045738;0.88784103;36
Vulpes.lagopus;0.682848468;0.725742287;0.768722221;0.811879592;0.664089063;0.708531459;0.719730512;0.75914867;0.671532653;0;0.615238405;0.719522135;0.728759092;36
Felis.silvestris;0.473125732;0.562433281;0.57686467;0.576198847;0.711885564;0.527169021;0.51471118;0.688736774;0.526190208;0.615238405;0;0.632895328;0.562352472;36
Homo_neand;0.759108225;0.811326947;0.750456456;0.765758919;0.817652758;0.815689524;0.792336114;0.775952488;0.828045738;0.719522135;0.632895328;0;0.829573666;36
Homo.sapiens;0.818230182;0.880508152;0.792676016;0.820950372;0.7283848;0.876657926;0.902166747;0.720685406;0.88784103;0.728759092;0.562352472;0.829573666;0;36
Ursus.spelaeus;0;0.810811923;0.79380305;0.781446498;0.648537721;0.844516908;0.859707124;0.670948085;0.839802835;0.675447473;0.480270009;0.757747929;0.8152272;37
Ursus.arctos;0.810811923;0;0.783985071;0.813331466;0.714311511;0.87112567;0.886369223;0.732756064;0.884370296;0.718143623;0.574125673;0.815315437;0.881386257;37
Panthera.spelaea;0.79380305;0.783985071;0;0.843529685;0.649640372;0.782234602;0.814952544;0.721765274;0.763347213;0.761488627;0.579205428;0.749591424;0.789757515;37
Panthera.leo;0.781446498;0.813331466;0.843529685;0;0.683700803;0.793347994;0.826941177;0.751222191;0.76726663;0.80368241;0.578749965;0.761820587;0.815195537;37
Panthera.pardus;0.648537721;0.714311511;0.649640372;0.683700803;0;0.704997954;0.672832417;0.732153923;0.720570796;0.659562052;0.717100303;0.81419758;0.729587238;37
Crocuta.crocuta;0.844516908;0.87112567;0.782234602;0.793347994;0.704997954;0;0.885279276;0.702723752;0.875129947;0.703014869;0.537662204;0.819144572;0.878101127;37
Canis.lupus;0.859707124;0.886369223;0.814952544;0.826941177;0.672832417;0.885279276;0;0.70569032;0.902549045;0.712957854;0.523104732;0.793780543;0.898810895;37
Meles.meles;0.670948085;0.732756064;0.721765274;0.751222191;0.732153923;0.702723752;0.70569032;0;0.690425497;0.757026676;0.689337496;0.770795199;0.719965104;37
Vulpes.vulpes;0.839802835;0.884370296;0.763347213;0.76726663;0.720570796;0.875129947;0.902549045;0.690425497;0;0.665182448;0.535765263;0.831271288;0.889859241;37
Vulpes.lagopus;0.675447473;0.718143623;0.761488627;0.80368241;0.659562052;0.703014869;0.712957854;0.757026676;0.665182448;0;0.620452207;0.714055797;0.719425748;37
Felis.silvestris;0.480270009;0.574125673;0.579205428;0.578749965;0.717100303;0.537662204;0.523104732;0.689337496;0.535765263;0.620452207;0;0.639474562;0.573293747;37
Homo_neand;0.757747929;0.815315437;0.749591424;0.761820587;0.81419758;0.819144572;0.793780543;0.770795199;0.831271288;0.714055797;0.639474562;0;0.832629822;37
Homo.sapiens;0.8152272;0.881386257;0.789757515;0.815195537;0.729587238;0.878101127;0.898810895;0.719965104;0.889859241;0.719425748;0.573293747;0.832629822;0;37
Ursus.spelaeus;0;0.807762525;0.797039466;0.778689726;0.652699487;0.839342722;0.856691031;0.676052371;0.838743041;0.669649143;0.496609451;0.760267939;0.81022286;38
Ursus.arctos;0.807762525;0;0.780991791;0.806861239;0.720727546;0.871003217;0.88527195;0.736404405;0.884181783;0.70877821;0.59032422;0.819590394;0.885352891;38
Panthera.spelaea;0.797039466;0.780991791;0;0.851173996;0.64503089;0.78248921;0.816184283;0.724190856;0.763521316;0.750454822;0.58725539;0.748973618;0.786702159;38
Panthera.leo;0.778689726;0.806861239;0.851173996;0;0.67653296;0.788131131;0.823365197;0.749352021;0.762606198;0.79341259;0.588334671;0.757250319;0.809805199;38
Panthera.pardus;0.652699487;0.720727546;0.64503089;0.67653296;0;0.709172804;0.677358291;0.726703799;0.725451798;0.654342318;0.722064127;0.813413807;0.734750181;38
Crocuta.crocuta;0.839342722;0.871003217;0.78248921;0.788131131;0.709172804;0;0.883579155;0.708957513;0.875324509;0.696030858;0.553642074;0.823825226;0.877476825;38
Canis.lupus;0.856691031;0.88527195;0.816184283;0.823365197;0.677358291;0.883579155;0;0.711634821;0.903917295;0.706688533;0.539863577;0.800044105;0.898554197;38
Meles.meles;0.676052371;0.736404405;0.724190856;0.749352021;0.726703799;0.708957513;0.711634821;0;0.695160788;0.755282441;0.689645564;0.765924899;0.726312802;38
Vulpes.vulpes;0.838743041;0.884181783;0.763521316;0.762606198;0.725451798;0.875324509;0.903917295;0.695160788;0;0.656632591;0.550315281;0.838433614;0.889668896;38
Vulpes.lagopus;0.669649143;0.70877821;0.750454822;0.79341259;0.654342318;0.696030858;0.706688533;0.755282441;0.656632591;0;0.62847885;0.704626182;0.71189372;38
Felis.silvestris;0.496609451;0.59032422;0.58725539;0.588334671;0.722064127;0.553642074;0.539863577;0.689645564;0.550315281;0.62847885;0;0.64704841;0.589500397;38
Homo_neand;0.760267939;0.819590394;0.748973618;0.757250319;0.813413807;0.823825226;0.800044105;0.765924899;0.838433614;0.704626182;0.64704841;0;0.83632447;38
Homo.sapiens;0.81022286;0.885352891;0.786702159;0.809805199;0.734750181;0.877476825;0.898554197;0.726312802;0.889668896;0.71189372;0.589500397;0.83632447;0;38
Ursus.spelaeus;0;0.810161181;0.792360565;0.779545629;0.655537381;0.843704281;0.855228926;0.678653378;0.840918957;0.677143915;0.488192174;0.763054369;0.813850425;39
Ursus.arctos;0.810161181;0;0.785092961;0.813487266;0.719064878;0.870829257;0.891419604;0.740058683;0.886164386;0.718673131;0.580739125;0.820739538;0.884434105;39
Panthera.spelaea;0.792360565;0.785092961;0;0.843823209;0.648651126;0.78249884;0.81735401;0.729022683;0.765111245;0.762886079;0.589113396;0.74985927;0.786163608;39
Panthera.leo;0.779545629;0.813487266;0.843823209;0;0.684230003;0.791551869;0.829601032;0.75826157;0.768628305;0.804942254;0.587093795;0.763416234;0.813130499;39
Panthera.pardus;0.655537381;0.719064878;0.648651126;0.684230003;0;0.708960012;0.680501895;0.730480979;0.726884237;0.657749197;0.7111529;0.8152746;0.734585694;39
Crocuta.crocuta;0.843704281;0.870829257;0.78249884;0.791551869;0.708960012;0;0.884354906;0.710098572;0.875617406;0.701084884;0.542054959;0.824836309;0.877369971;39
Canis.lupus;0.855228926;0.891419604;0.81735401;0.829601032;0.680501895;0.884354906;0;0.718980179;0.903565616;0.717462981;0.536720128;0.800429427;0.900016038;39
Meles.meles;0.678653378;0.740058683;0.729022683;0.75826157;0.730480979;0.710098572;0.718980179;0;0.699172042;0.76595935;0.691094814;0.771472601;0.727399413;39
Vulpes.vulpes;0.840918957;0.886164386;0.765111245;0.768628305;0.726884237;0.875617406;0.903565616;0.699172042;0;0.666909391;0.54287848;0.838497634;0.892170913;39
Vulpes.lagopus;0.677143915;0.718673131;0.762886079;0.804942254;0.657749197;0.701084884;0.717462981;0.76595935;0.666909391;0;0.628782989;0.710649977;0.716512346;39
Felis.silvestris;0.488192174;0.580739125;0.589113396;0.587093795;0.7111529;0.542054959;0.536720128;0.691094814;0.54287848;0.628782989;0;0.63704561;0.579494415;39
Homo_neand;0.763054369;0.820739538;0.74985927;0.763416234;0.8152746;0.824836309;0.800429427;0.771472601;0.838497634;0.710649977;0.63704561;0;0.836905073;39
Homo.sapiens;0.813850425;0.884434105;0.786163608;0.813130499;0.734585694;0.877369971;0.900016038;0.727399413;0.892170913;0.716512346;0.579494415;0.836905073;0;39
Ursus.spelaeus;0;0.811867533;0.79136645;0.779427077;0.662027867;0.846331399;0.851367629;0.682208026;0.838566827;0.680621875;0.483404121;0.767164553;0.812785504;40
Ursus.arctos;0.811867533;0;0.790435057;0.821151701;0.721618843;0.868959726;0.898506766;0.746819481;0.8907474;0.727508867;0.571482385;0.82052579;0.882422373;40
Panthera.spelaea;0.79136645;0.790435057;0;0.837347783;0.654003572;0.783302501;0.816763013;0.732740262;0.765348064;0.770568069;0.589811914;0.750522535;0.787102582;40
Panthera.leo;0.779427077;0.821151701;0.837347783;0;0.693731984;0.79381795;0.83590971;0.767652894;0.773758401;0.813192563;0.587346971;0.77056099;0.819940735;40
Panthera.pardus;0.662027867;0.721618843;0.654003572;0.693731984;0;0.710678506;0.687244167;0.735134656;0.733170074;0.659718481;0.701283204;0.817322089;0.733677239;40
Crocuta.crocuta;0.846331399;0.868959726;0.783302501;0.79381795;0.710678506;0;0.882166538;0.710456241;0.873788872;0.702643256;0.527990218;0.823842219;0.873656534;40
Canis.lupus;0.851367629;0.898506766;0.816763013;0.83590971;0.687244167;0.882166538;0;0.727703506;0.902428136;0.726916919;0.533310769;0.803053237;0.901384715;40
Meles.meles;0.682208026;0.746819481;0.732740262;0.767652894;0.735134656;0.710456241;0.727703506;0;0.706241556;0.773987623;0.691742034;0.776001166;0.731091744;40
Vulpes.vulpes;0.838566827;0.8907474;0.765348064;0.773758401;0.733170074;0.873788872;0.902428136;0.706241556;0;0.673993566;0.537461036;0.839993354;0.890183398;40
Vulpes.lagopus;0.680621875;0.727508867;0.770568069;0.813192563;0.659718481;0.702643256;0.726916919;0.773987623;0.673993566;0;0.628386669;0.711618263;0.723495699;40
Felis.silvestris;0.483404121;0.571482385;0.589811914;0.587346971;0.701283204;0.527990218;0.533310769;0.691742034;0.537461036;0.628386669;0;0.626685321;0.568316993;40
Homo_neand;0.767164553;0.82052579;0.750522535;0.77056099;0.817322089;0.823842219;0.803053237;0.776001166;0.839993354;0.711618263;0.626685321;0;0.835487534;40
Homo.sapiens;0.812785504;0.882422373;0.787102582;0.819940735;0.733677239;0.873656534;0.901384715;0.731091744;0.890183398;0.723495699;0.568316993;0.835487534;0;40
Ursus.spelaeus;0;0.810301894;0.790451582;0.777082059;0.65973647;0.843350572;0.852583281;0.683795982;0.841641519;0.672619897;0.494481064;0.766391519;0.811445378;41
Ursus.arctos;0.810301894;0;0.78429554;0.812307362;0.724072116;0.868073091;0.892367033;0.749811422;0.889574185;0.717560372;0.588051931;0.824543628;0.885121686;41
Panthera.spelaea;0.790451582;0.78429554;0;0.842969973;0.646648833;0.780486863;0.818062304;0.732353591;0.765913336;0.758927205;0.593429783;0.74764802;0.784698567;41
Panthera.leo;0.777082059;0.812307362;0.842969973;0;0.682749515;0.787832914;0.831186182;0.764386922;0.767861473;0.803443839;0.593097721;0.762548278;0.813142327;41
Panthera.pardus;0.65973647;0.724072116;0.646648833;0.682749515;0;0.709700454;0.683946512;0.728684718;0.732535735;0.652599513;0.710123726;0.81232696;0.734533787;41
Crocuta.crocuta;0.843350572;0.868073091;0.780486863;0.787832914;0.709700454;0;0.881000146;0.715358628;0.873604169;0.694965774;0.543173094;0.830372249;0.8749415;41
Canis.lupus;0.852583281;0.892367033;0.818062304;0.831186182;0.683946512;0.881000146;0;0.731071589;0.901544822;0.719303427;0.546515496;0.805181516;0.899277106;41
Meles.meles;0.683795982;0.749811422;0.732353591;0.764386922;0.728684718;0.715358628;0.731071589;0;0.70984181;0.771322009;0.692916797;0.769510375;0.736460338;41
Vulpes.vulpes;0.841641519;0.889574185;0.765913336;0.767861473;0.732535735;0.873604169;0.901544822;0.70984181;0;0.665267648;0.551856863;0.844766797;0.890451263;41
Vulpes.lagopus;0.672619897;0.717560372;0.758927205;0.803443839;0.652599513;0.694965774;0.719303427;0.771322009;0.665267648;0;0.634688178;0.700954575;0.713482906;41
Felis.silvestris;0.494481064;0.588051931;0.593429783;0.593097721;0.710123726;0.543173094;0.546515496;0.692916797;0.551856863;0.634688178;0;0.633604354;0.584503308;41
Homo_neand;0.766391519;0.824543628;0.74764802;0.762548278;0.81232696;0.830372249;0.805181516;0.769510375;0.844766797;0.700954575;0.633604354;0;0.83969891;41
Homo.sapiens;0.811445378;0.885121686;0.784698567;0.813142327;0.734533787;0.8749415;0.899277106;0.736460338;0.890451263;0.713482906;0.584503308;0.83969891;0;41
Ursus.spelaeus;0;0.810342568;0.790219015;0.775566968;0.661832136;0.843004773;0.850923092;0.684662762;0.842023304;0.670052263;0.497859847;0.768047229;0.810205945;42
Ursus.arctos;0.810342568;0;0.783751158;0.811670774;0.725327538;0.868191215;0.893377752;0.75302592;0.890488925;0.716039591;0.591518756;0.826853785;0.885865516;42
Panthera.spelaea;0.790219015;0.783751158;0;0.843371872;0.645454259;0.7805622;0.81899745;0.732652407;0.767051996;0.757262134;0.594178428;0.747110846;0.786606158;42
Panthera.leo;0.775566968;0.811670774;0.843371872;0;0.682082067;0.786499901;0.832338799;0.766360677;0.767870442;0.803080184;0.595858804;0.763032346;0.81485681;42
Panthera.pardus;0.661832136;0.725327538;0.645454259;0.682082067;0;0.711246802;0.685708;0.726541353;0.73486313;0.649549095;0.709709541;0.811247956;0.734760655;42
Crocuta.crocuta;0.843004773;0.868191215;0.7805622;0.786499901;0.711246802;0;0.879964353;0.717824011;0.874612396;0.691741989;0.546129411;0.833655778;0.873992211;42
Canis.lupus;0.850923092;0.893377752;0.81899745;0.832338799;0.685708;0.879964353;0;0.735565614;0.900652578;0.720019979;0.551450511;0.808344049;0.899514484;42
Meles.meles;0.684662762;0.75302592;0.732652407;0.766360677;0.726541353;0.717824011;0.735565614;0;0.713768592;0.77259009;0.694596792;0.767466196;0.741508887;42
Vulpes.vulpes;0.842023304;0.890488925;0.767051996;0.767870442;0.73486313;0.874612396;0.900652578;0.713768592;0;0.664068533;0.555704311;0.847598284;0.889236708;42
Vulpes.lagopus;0.670052263;0.716039591;0.757262134;0.803080184;0.649549095;0.691741989;0.720019979;0.77259009;0.664068533;0;0.636926438;0.696147657;0.713928445;42
Felis.silvestris;0.497859847;0.591518756;0.594178428;0.595858804;0.709709541;0.546129411;0.551450511;0.694596792;0.555704311;0.636926438;0;0.6322773;0.589126152;42
Homo_neand;0.768047229;0.826853785;0.747110846;0.763032346;0.811247956;0.833655778;0.808344049;0.767466196;0.847598284;0.696147657;0.6322773;0;0.8414684;42
Homo.sapiens;0.810205945;0.885865516;0.786606158;0.81485681;0.734760655;0.873992211;0.899514484;0.741508887;0.889236708;0.713928445;0.589126152;0.8414684;0;42
Ursus.spelaeus;0;0.808219868;0.791662459;0.772577159;0.6627366;0.839855975;0.849319495;0.686550309;0.841991606;0.662542997;0.507375665;0.766851724;0.805813711;43
Ursus.arctos;0.808219868;0;0.78112896;0.806071252;0.727867052;0.867959829;0.891277252;0.755214741;0.890141155;0.707456219;0.60305515;0.829610723;0.887958235;43
Panthera.spelaea;0.791662459;0.78112896;0;0.849033102;0.642569773;0.78120944;0.821690183;0.732653898;0.768679674;0.747233983;0.597918348;0.745198613;0.787685066;43
Panthera.leo;0.772577159;0.806071252;0.849033102;0;0.675206473;0.78304995;0.829683817;0.764995832;0.763446533;0.793958666;0.601397766;0.758364339;0.813049841;43
Panthera.pardus;0.6627366;0.727867052;0.642569773;0.675206473;0;0.712648682;0.685991067;0.722623002;0.736750982;0.645339364;0.715807697;0.810166207;0.737303838;43
Crocuta.crocuta;0.839855975;0.867959829;0.78120944;0.78304995;0.712648682;0;0.879307154;0.721264036;0.875404383;0.684235381;0.557293197;0.837676361;0.871784986;43
Canis.lupus;0.849319495;0.891277252;0.821690183;0.829683817;0.685991067;0.879307154;0;0.740862254;0.900074906;0.71435958;0.563553666;0.811224253;0.898493696;43
Meles.meles;0.686550309;0.755214741;0.732653898;0.764995832;0.722623002;0.721264036;0.740862254;0;0.717962433;0.770838664;0.695984203;0.763333421;0.749097815;43
Vulpes.vulpes;0.841991606;0.890141155;0.768679674;0.763446533;0.736750982;0.875404383;0.900074906;0.717962433;0;0.656841886;0.567196239;0.852063611;0.886644642;43
Vulpes.lagopus;0.662542997;0.707456219;0.747233983;0.793958666;0.645339364;0.684235381;0.71435958;0.770838664;0.656841886;0;0.642776526;0.687123269;0.709512932;43
Felis.silvestris;0.507375665;0.60305515;0.597918348;0.601397766;0.715807697;0.557293197;0.563553666;0.695984203;0.567196239;0.642776526;0;0.637150698;0.603451998;43
Homo_neand;0.766851724;0.829610723;0.745198613;0.758364339;0.810166207;0.837676361;0.811224253;0.763333421;0.852063611;0.687123269;0.637150698;0;0.844980718;43
Homo.sapiens;0.805813711;0.887958235;0.787685066;0.813049841;0.737303838;0.871784986;0.898493696;0.749097815;0.886644642;0.709512932;0.603451998;0.844980718;0;43
Ursus.spelaeus;0;0.808622537;0.791320657;0.771969794;0.66384572;0.840244162;0.848848734;0.687187717;0.842939609;0.661984478;0.510075889;0.769127336;0.805093618;44
Ursus.arctos;0.808622537;0;0.781434921;0.80583171;0.729071429;0.868354516;0.891995933;0.757153759;0.890491253;0.707010812;0.606541764;0.83157438;0.888631775;44
Panthera.spelaea;0.791320657;0.781434921;0;0.849608078;0.641144614;0.781197977;0.823210225;0.732090557;0.768719102;0.746127598;0.59895582;0.74359413;0.788919076;44
Panthera.leo;0.771969794;0.80583171;0.849608078;0;0.674172368;0.782193311;0.831417972;0.766146221;0.763280182;0.794186214;0.603969413;0.758327693;0.814798039;44
Panthera.pardus;0.66384572;0.729071429;0.641144614;0.674172368;0;0.713463164;0.686618944;0.721385771;0.738152734;0.642485485;0.716131477;0.808655141;0.737641514;44
Crocuta.crocuta;0.840244162;0.868354516;0.781197977;0.782193311;0.713463164;0;0.87830086;0.723500217;0.874777605;0.682949712;0.559765456;0.840288847;0.870480771;44
Canis.lupus;0.848848734;0.891995933;0.823210225;0.831417972;0.686618944;0.87830086;0;0.745238669;0.898723286;0.71579646;0.568222632;0.813276263;0.898631913;44
Meles.meles;0.687187717;0.757153759;0.732090557;0.766146221;0.721385771;0.723500217;0.745238669;0;0.72038976;0.772202068;0.697554315;0.761796431;0.753799639;44
Vulpes.vulpes;0.842939609;0.890491253;0.768719102;0.763280182;0.738152734;0.874777605;0.898723286;0.72038976;0;0.656412593;0.571780523;0.853943514;0.885163512;44
Vulpes.lagopus;0.661984478;0.707010812;0.746127598;0.794186214;0.642485485;0.682949712;0.71579646;0.772202068;0.656412593;0;0.643646344;0.68370786;0.710808691;44
Felis.silvestris;0.510075889;0.606541764;0.59895582;0.603969413;0.716131477;0.559765456;0.568222632;0.697554315;0.571780523;0.643646344;0;0.636636105;0.608023249;44
Homo_neand;0.769127336;0.83157438;0.74359413;0.758327693;0.808655141;0.840288847;0.813276263;0.761796431;0.853943514;0.68370786;0.636636105;0;0.846181127;44
Homo.sapiens;0.805093618;0.888631775;0.788919076;0.814798039;0.737641514;0.870480771;0.898631913;0.753799639;0.885163512;0.710808691;0.608023249;0.846181127;0;44
Ursus.spelaeus;0;0.807175149;0.795265012;0.766137814;0.666386436;0.835058689;0.847548388;0.687118774;0.845854287;0.643318688;0.53063981;0.768492696;0.797681524;45
Ursus.arctos;0.807175149;0;0.78044877;0.794652589;0.732524149;0.869158688;0.888272917;0.757131988;0.889023676;0.690651507;0.62807949;0.834407382;0.888130187;45
Panthera.spelaea;0.795265012;0.78044877;0;0.857129882;0.640311087;0.782887168;0.829397353;0.732112461;0.771320057;0.722223877;0.607396804;0.743319844;0.795567557;45
Panthera.leo;0.766137814;0.794652589;0.857129882;0;0.667397134;0.775397436;0.825690316;0.761454402;0.754509955;0.774056038;0.615122683;0.750568544;0.813461989;45
Panthera.pardus;0.666386436;0.732524149;0.640311087;0.667397134;0;0.715567839;0.688163537;0.714060275;0.739438417;0.638364795;0.731464743;0.807686866;0.740640446;45
Crocuta.crocuta;0.835058689;0.869158688;0.782887168;0.775397436;0.715567839;0;0.876945667;0.726287203;0.876396299;0.668498187;0.584098213;0.842871216;0.867534806;45
Canis.lupus;0.847548388;0.888272917;0.829397353;0.825690316;0.688163537;0.876945667;0;0.750215586;0.897364959;0.703002947;0.590301924;0.816487891;0.895636387;45
Meles.meles;0.687118774;0.757131988;0.732112461;0.761454402;0.714060275;0.726287203;0.750215586;0;0.720738416;0.769350777;0.697884719;0.753708733;0.761316743;45
Vulpes.vulpes;0.845854287;0.889023676;0.771320057;0.754509955;0.739438417;0.876396299;0.897364959;0.720738416;0;0.641110692;0.591361275;0.858524399;0.876294854;45
Vulpes.lagopus;0.643318688;0.690651507;0.722223877;0.774056038;0.638364795;0.668498187;0.703002947;0.769350777;0.641110692;0;0.654518128;0.669250941;0.705514268;45
